212.9317889213562
218.55582201480865
223.99676096439362
230.1197839975357
236.22668993473053
243.01588594913483
250.17032098770142
595.1367139816284
600.6780549287796
607.5175290107727
614.5726599693298
620.811980009079
627.5013459920883
634.7733370065689
1070.6832659244537
1077.3559819459915
1083.3800640106201
1090.6014050245285
1097.1081949472427
1104.6125329732895
1112.2510349750519
1560.9002659320831
1566.8572149276733
1573.29735994339
1580.468320965767
1587.7565950155258
1595.277781009674
1942.1971809864044
1947.1725969314575
1953.7121249437332
1960.0352569818497
1966.6077189445496
1975.6607069969177
1984.8964449167252
2341.0872609615326
2347.2279349565506
2353.3183509111404
2359.5086089372635
2366.081272006035
2372.1052079200745
2378.8443269729614
2388.628762960434
2877.7097799777985
2882.137169957161
2885.7153429985046
2889.309074997902
2892.5038179159164
2895.931741952896
2900.0082079172134
2904.1353780031204
2908.6277940273285
3183.763046979904
3187.0918509960175
3189.9701219797134
3192.5997710227966
3195.1791919469833
3198.024163007736
3200.9196540117264
3203.8983449935913
3206.543564915657
3210.5871319770813
3215.3960909843445
3219.4393849372864
3223.9820749759674
3462.1999719142914
3465.9940140247345
3468.589532017708
3471.5514219999313
3474.4633380174637
3477.8757309913635
3482.4845539331436
3485.6292510032654
3489.7066400051117
3494.8145699501038
