25.585181951522827
30.776567935943604
36.36764395236969
42.274917006492615
48.01572597026825
53.972368001937866
61.177209973335266
68.16702401638031
74.87261891365051
460.1451909542084
465.352530002594
470.96119701862335
476.8847990036011
482.3757389783859
488.7819359302521
494.95501494407654
882.9970779418945
888.138916015625
893.9967889785767
899.7208520174026
905.8429899215698
912.3007400035858
918.1417340040207
1592.0929689407349
1596.2354509830475
1599.1974679231644
1602.6581699848175
1606.2359809875488
1609.8635100126266
1613.4745389223099
1617.0185970067978
1620.4457830190659
1624.5065599679947
