10.877421021461487
16.401926040649414
21.793392062187195
27.234835982322693
33.15887701511383
41.07985806465149
510.86429703235626
515.5397880077362
520.2324310541153
526.0062080621719
533.6277290582657
903.2994520664215
908.4754610061646
913.8333970308304
922.568874001503
1324.2581000328064
1327.6359889507294
1330.813843011856
1333.6596800088882
1337.4867030382156
1342.1465530395508
1350.267012000084
1737.4026770591736
1742.3112959861755
1745.223217010498
1747.5529329776764
1750.364832997322
1754.6738389730453
1912.8120629787445
1915.7907329797745
1918.4365060329437
1921.5314559936523
1924.4101870059967
1929.585245013237
