23.22
27.77200698852539
33.2127560377121
38.405317068099976
45.09506702423096
433.1432009935379
437.38756799697876
441.4477380514145
446.65543699264526
453.2121900320053
461.59900403022766
738.0269500017166
742.9523630142212
748.7595880031586
754.484050989151
761.4219709634781
770.3923320770264
1389.6304540634155
1393.0079050064087
1396.0198230743408
1398.864984035492
1402.1096730232239
1404.905513048172
1407.9508759975433
1411.1125050783157
1415.189087986946
1559.5420320034027
1562.0376490354538
1565.2819800376892
1567.9282879829407
1571.2060550451279
1573.984631061554
1577.3960579633713
1580.540904045105
1585.8493720293045
1593.0216740369797
2250.108559012413
2254.3836250305176
2260.989482998848
2267.0294600725174
2273.7530760765076
2282.0407119989395
2292.706992983818
