24.7793869972229
29.27246403694153
34.36454701423645
39.040687084198
43.86640202999115
49.50684905052185
494.0754200220108
497.9026880264282
502.19534707069397
507.02138006687164
512.3795679807663
950.5343080759048
953.0796620845795
956.2079870700836
959.0538400411606
962.1987830400467
965.3766740560532
968.5559899806976
971.7003990411758
975.52754509449
979.8378460407257
984.7965160608292
990.6872180700302
2375.5944010019302
2380.103515982628
2384.6298590898514
2389.338756084442
2394.3973619937897
2401.153329014778
2409.2743010520935
2671.935963988304
2675.9960910081863
2680.9047890901566
2686.79498898983
2693.5843809843063
2943.6369750499725
2947.5637320280075
2951.557309985161
2955.1347830295563
2959.9937390089035
2965.185384988785
2970.9259120225906
2975.4522540569305
2981.4758080244064
3505.841488003731
3513.0630900859833
3519.3363420963287
3527.040230035782
3535.127254009247
3733.984292984009
3739.042949080467
3744.051227092743
3748.9766709804535
3753.902217030525
3759.6762239933014
3765.0339599847794
3770.6079590320587
3776.7647240161896
3783.903163075447
4121.51956307888
4126.944149017334
4132.368839979172
4137.92717897892
4143.900593996048
4148.875922083855
4153.701354026794
4160.041306018829
4166.2473130226135
4484.087465047836
4487.265248060226
4490.693109035492
4494.236785054207
4497.931096076965
4502.906298041344
4508.247999072075
4514.4382700920105
