475.15895092487335
478.919135928154
482.2137060165405
486.04105591773987
489.8520339727402
494.44433093070984
498.90411901474
503.3140079975128
507.77350091934204
513.7810319662094
520.5199859142303
1167.8191349506378
1174.2756739854813
1177.8028680086136
1181.5969619750977
1185.2245539426804
1189.567677974701
1193.7942669391632
1199.7181569337845
1204.8430919647217
1210.350793004036
1400.6228829622269
1405.3150429725647
1409.9407209157944
1415.9316829442978
1420.5578439235687
1426.8814519643784
1435.699814915657
1445.7340869903564
1740.3956159353256
1752.5094319581985
1761.0782599449158
1768.2833089828491
