100.22842597961426
105.30313098430634
110.27877199649811
115.65298104286194
123.15822505950928
129.5483980178833
548.711816072464
553.7707550525665
558.9125269651413
563.7712140083313
569.3459800481796
879.0218909978867
884.0140110254288
891.0856890678406
899.7884019613266
1552.420037984848
1555.798346042633
1559.7752170562744
1563.2362359762192
1966.750499010086
1970.045413017273
1973.5899840593338
1977.2007900476456
1980.9288719892502
1986.1537510156631
2336.824692964554
2338.6553070545197
2342.549367070198
2344.545997977257
2348.0070400238037
2350.3531930446625
2352.8328449726105
2356.177489042282
2359.0388959646225
2361.884903073311
2365.6120190620422
3343.145483970642
3348.5030909776688
3354.328059077263
3360.2018500566483
3370.3856739997864
3376.3925000429153
3382.2663300037384
3982.724186062813
3988.2987390756607
3993.5902160406113
3998.465296983719
4008.0996260643005
4014.123762011528
4424.665875077248
4429.241263985634
4433.518180012703
4438.859526991844
4444.167312026024
4449.226202011108
4455.865553021431
4635.835159063339
4640.210839986801
4644.337467074394
4648.846989035606
4654.471538066864
